  0   10   -75.0
  0   11   -75.0
  0   20   -75.0
  0   1   -75.0
  0   2   -75.0
  1   11   -75.0
  1   12   -75.0
  1   10   -75.0
  1   21   -75.0
  1   0   -75.0
  1   2   -75.0
  1   3   -75.0
  2   12   -75.0
  2   13   -75.0
  2   11   -75.0
  2   22   -75.0
  2   1   -75.0
  2   0   -75.0
  2   3   -75.0
  2   4   -75.0
  3   13   -75.0
  3   14   -75.0
  3   12   -75.0
  3   23   -75.0
  3   2   -75.0
  3   1   -75.0
  3   4   -75.0
  3   5   -75.0
  4   14   -75.0
  4   15   -75.0
  4   13   -75.0
  4   24   -75.0
  4   3   -75.0
  4   2   -75.0
  4   5   -75.0
  4   6   -75.0
  5   15   -75.0
  5   16   -75.0
  5   14   -75.0
  5   25   -75.0
  5   4   -75.0
  5   3   -75.0
  5   6   -75.0
  5   7   -75.0
  6   16   -75.0
  6   17   -75.0
  6   15   -75.0
  6   26   -75.0
  6   5   -75.0
  6   4   -75.0
  6   7   -75.0
  6   8   -75.0
  7   17   -75.0
  7   18   -75.0
  7   16   -75.0
  7   27   -75.0
  7   6   -75.0
  7   5   -75.0
  7   8   -75.0
  7   9   -75.0
  8   18   -75.0
  8   19   -75.0
  8   17   -75.0
  8   28   -75.0
  8   7   -75.0
  8   6   -75.0
  8   9   -75.0
  9   19   -75.0
  9   18   -75.0
  9   29   -73.0
  9   8   -73.0
  9   7   -73.0
  10   0   -73.0
  10   1   -73.0
  10   20   -73.0
  10   21   -73.0
  10   30   -73.0
  10   11   -73.0
  10   12   -73.0
  11   1   -73.0
  11   2   -73.0
  11   0   -73.0
  11   21   -73.0
  11   22   -73.0
  11   20   -73.0
  11   31   -73.0
  11   10   -73.0
  11   12   -73.0
  11   13   -73.0
  12   2   -73.0
  12   3   -73.0
  12   1   -73.0
  12   22   -73.0
  12   23   -73.0
  12   21   -73.0
  12   32   -73.0
  12   11   -73.0
  12   10   -73.0
  12   13   -73.0
  12   14   -73.0
  13   3   -73.0
  13   4   -73.0
  13   2   -73.0
  13   23   -73.0
  13   24   -73.0
  13   22   -73.0
  13   33   -73.0
  13   12   -73.0
  13   11   -73.0
  13   14   -73.0
  13   15   -73.0
  14   4   -75.0
  14   5   -75.0
  14   3   -75.0
  14   24   -75.0
  14   25   -75.0
  14   23   -75.0
  14   34   -75.0
  14   13   -75.0
  14   12   -75.0
  14   15   -75.0
  14   16   -75.0
  15   5   -75.0
  15   6   -75.0
  15   4   -75.0
  15   25   -75.0
  15   26   -75.0
  15   24   -75.0
  15   35   -75.0
  15   14   -75.0
  15   13   -75.0
  15   16   -75.0
  15   17   -75.0
  16   6   -75.0
  16   7   -75.0
  16   5   -75.0
  16   26   -75.0
  16   27   -75.0
  16   25   -75.0
  16   36   -75.0
  16   15   -75.0
  16   14   -75.0
  16   17   -75.0
  16   18   -75.0
  17   7   -75.0
  17   8   -75.0
  17   6   -75.0
  17   27   -75.0
  17   28   -75.0
  17   26   -75.0
  17   37   -75.0
  17   16   -75.0
  17   15   -75.0
  17   18   -75.0
  17   19   -75.0
  18   8   -75.0
  18   9   -75.0
  18   7   -75.0
  18   28   -75.0
  18   29   -75.0
  18   27   -75.0
  18   38   -75.0
  18   17   -75.0
  18   16   -75.0
  18   19   -75.0
  19   9   -75.0
  19   8   -75.0
  19   29   -75.0
  19   28   -75.0
  19   39   -75.0
  19   18   -75.0
  19   17   -75.0
  20   10   -75.0
  20   11   -75.0
  20   0   -75.0
  20   30   -75.0
  20   31   -75.0
  20   40   -75.0
  20   21   -75.0
  20   22   -75.0
  21   11   -75.0
  21   12   -75.0
  21   10   -75.0
  21   1   -75.0
  21   31   -75.0
  21   32   -75.0
  21   30   -75.0
  21   41   -75.0
  21   20   -75.0
  21   22   -75.0
  21   23   -75.0
  22   12   -75.0
  22   13   -75.0
  22   11   -75.0
  22   2   -75.0
  22   32   -75.0
  22   33   -75.0
  22   31   -75.0
  22   42   -75.0
  22   21   -75.0
  22   20   -75.0
  22   23   -75.0
  22   24   -75.0
  23   13   -75.0
  23   14   -75.0
  23   12   -75.0
  23   3   -75.0
  23   33   -75.0
  23   34   -75.0
  23   32   -75.0
  23   43   -75.0
  23   22   -75.0
  23   21   -75.0
  23   24   -75.0
  23   25   -75.0
  24   14   -75.0
  24   15   -75.0
  24   13   -75.0
  24   4   -75.0
  24   34   -75.0
  24   35   -75.0
  24   33   -75.0
  24   44   -75.0
  24   23   -75.0
  24   22   -75.0
  24   25   -75.0
  24   26   -75.0
  25   15   -75.0
  25   16   -75.0
  25   14   -75.0
  25   5   -75.0
  25   35   -75.0
  25   36   -75.0
  25   34   -75.0
  25   45   -75.0
  25   24   -75.0
  25   23   -75.0
  25   26   -75.0
  25   27   -75.0
  26   16   -75.0
  26   17   -75.0
  26   15   -75.0
  26   6   -75.0
  26   36   -75.0
  26   37   -75.0
  26   35   -75.0
  26   46   -75.0
  26   25   -75.0
  26   24   -75.0
  26   27   -75.0
  26   28   -75.0
  27   17   -75.0
  27   18   -75.0
  27   16   -75.0
  27   7   -75.0
  27   37   -75.0
  27   38   -75.0
  27   36   -75.0
  27   47   -75.0
  27   26   -75.0
  27   25   -75.0
  27   28   -75.0
  27   29   -75.0
  28   18   -75.0
  28   19   -75.0
  28   17   -75.0
  28   8   -75.0
  28   38   -75.0
  28   39   -75.0
  28   37   -75.0
  28   48   -75.0
  28   27   -75.0
  28   26   -75.0
  28   29   -75.0
  29   19   -75.0
  29   18   -75.0
  29   9   -75.0
  29   39   -75.0
  29   38   -75.0
  29   49   -75.0
  29   28   -75.0
  29   27   -75.0
  30   20   -75.0
  30   21   -75.0
  30   10   -75.0
  30   40   -75.0
  30   41   -75.0
  30   50   -75.0
  30   31   -75.0
  30   32   -75.0
  31   21   -75.0
  31   22   -75.0
  31   20   -75.0
  31   11   -75.0
  31   41   -75.0
  31   42   -75.0
  31   40   -75.0
  31   51   -75.0
  31   30   -75.0
  31   32   -75.0
  31   33   -83.0
  32   22   -83.0
  32   23   -83.0
  32   21   -83.0
  32   12   -83.0
  32   42   -83.0
  32   43   -83.0
  32   41   -83.0
  32   52   -83.0
  32   31   -83.0
  32   30   -83.0
  32   33   -83.0
  32   34   -83.0
  33   23   -83.0
  33   24   -83.0
  33   22   -83.0
  33   13   -75.0
  33   43   -75.0
  33   44   -75.0
  33   42   -75.0
  33   53   -75.0
  33   32   -75.0
  33   31   -75.0
  33   34   -75.0
  33   35   -75.0
  34   24   -75.0
  34   25   -75.0
  34   23   -75.0
  34   14   -75.0
  34   44   -75.0
  34   45   -75.0
  34   43   -75.0
  34   54   -75.0
  34   33   -75.0
  34   32   -75.0
  34   35   -75.0
  34   36   -75.0
  35   25   -75.0
  35   26   -75.0
  35   24   -75.0
  35   15   -75.0
  35   45   -75.0
  35   46   -75.0
  35   44   -75.0
  35   55   -75.0
  35   34   -75.0
  35   33   -75.0
  35   36   -75.0
  35   37   -75.0
  36   26   -75.0
  36   27   -75.0
  36   25   -75.0
  36   16   -75.0
  36   46   -75.0
  36   47   -75.0
  36   45   -75.0
  36   56   -75.0
  36   35   -75.0
  36   34   -75.0
  36   37   -75.0
  36   38   -75.0
  37   27   -75.0
  37   28   -75.0
  37   26   -75.0
  37   17   -75.0
  37   47   -75.0
  37   48   -75.0
  37   46   -75.0
  37   57   -75.0
  37   36   -75.0
  37   35   -75.0
  37   38   -75.0
  37   39   -75.0
  38   28   -75.0
  38   29   -75.0
  38   27   -75.0
  38   18   -75.0
  38   48   -75.0
  38   49   -75.0
  38   47   -75.0
  38   58   -75.0
  38   37   -75.0
  38   36   -75.0
  38   39   -75.0
  39   29   -75.0
  39   28   -75.0
  39   19   -75.0
  39   49   -75.0
  39   48   -75.0
  39   59   -75.0
  39   38   -75.0
  39   37   -75.0
  40   30   -75.0
  40   31   -75.0
  40   20   -75.0
  40   50   -75.0
  40   51   -75.0
  40   60   -75.0
  40   41   -75.0
  40   42   -75.0
  41   31   -75.0
  41   32   -75.0
  41   30   -75.0
  41   21   -75.0
  41   51   -75.0
  41   52   -75.0
  41   50   -75.0
  41   61   -75.0
  41   40   -75.0
  41   42   -75.0
  41   43   -75.0
  42   32   -75.0
  42   33   -75.0
  42   31   -75.0
  42   22   -75.0
  42   52   -75.0
  42   53   -75.0
  42   51   -75.0
  42   62   -75.0
  42   41   -75.0
  42   40   -75.0
  42   43   -75.0
  42   44   -75.0
  43   33   -75.0
  43   34   -75.0
  43   32   -75.0
  43   23   -75.0
  43   53   -75.0
  43   54   -75.0
  43   52   -75.0
  43   63   -75.0
  43   42   -75.0
  43   41   -75.0
  43   44   -75.0
  43   45   -75.0
  44   34   -75.0
  44   35   -75.0
  44   33   -75.0
  44   24   -75.0
  44   54   -75.0
  44   55   -75.0
  44   53   -75.0
  44   64   -75.0
  44   43   -75.0
  44   42   -75.0
  44   45   -75.0
  44   46   -75.0
  45   35   -75.0
  45   36   -75.0
  45   34   -75.0
  45   25   -75.0
  45   55   -75.0
  45   56   -75.0
  45   54   -75.0
  45   65   -75.0
  45   44   -75.0
  45   43   -75.0
  45   46   -75.0
  45   47   -75.0
  46   36   -75.0
  46   37   -75.0
  46   35   -75.0
  46   26   -75.0
  46   56   -75.0
  46   57   -75.0
  46   55   -75.0
  46   66   -75.0
  46   45   -75.0
  46   44   -75.0
  46   47   -75.0
  46   48   -75.0
  47   37   -75.0
  47   38   -75.0
  47   36   -75.0
  47   27   -75.0
  47   57   -75.0
  47   58   -75.0
  47   56   -75.0
  47   67   -75.0
  47   46   -75.0
  47   45   -75.0
  47   48   -75.0
  47   49   -75.0
  48   38   -75.0
  48   39   -75.0
  48   37   -75.0
  48   28   -75.0
  48   58   -75.0
  48   59   -75.0
  48   57   -75.0
  48   68   -75.0
  48   47   -75.0
  48   46   -75.0
  48   49   -75.0
  49   39   -75.0
  49   38   -75.0
  49   29   -75.0
  49   59   -75.0
  49   58   -75.0
  49   69   -75.0
  49   48   -75.0
  49   47   -75.0
  50   40   -75.0
  50   41   -75.0
  50   30   -75.0
  50   60   -75.0
  50   61   -75.0
  50   70   -75.0
  50   51   -75.0
  50   52   -75.0
  51   41   -75.0
  51   42   -75.0
  51   40   -75.0
  51   31   -75.0
  51   61   -75.0
  51   62   -75.0
  51   60   -75.0
  51   71   -75.0
  51   50   -75.0
  51   52   -75.0
  51   53   -75.0
  52   42   -75.0
  52   43   -75.0
  52   41   -75.0
  52   32   -75.0
  52   62   -75.0
  52   63   -75.0
  52   61   -75.0
  52   72   -75.0
  52   51   -75.0
  52   50   -75.0
  52   53   -75.0
  52   54   -75.0
  53   43   -75.0
  53   44   -75.0
  53   42   -75.0
  53   33   -75.0
  53   63   -75.0
  53   64   -75.0
  53   62   -75.0
  53   73   -75.0
  53   52   -75.0
  53   51   -75.0
  53   54   -75.0
  53   55   -75.0
  54   44   -75.0
  54   45   -75.0
  54   43   -75.0
  54   34   -75.0
  54   64   -75.0
  54   65   -75.0
  54   63   -75.0
  54   74   -75.0
  54   53   -75.0
  54   52   -75.0
  54   55   -75.0
  54   56   -75.0
  55   45   -75.0
  55   46   -75.0
  55   44   -75.0
  55   35   -75.0
  55   65   -75.0
  55   66   -75.0
  55   64   -75.0
  55   75   -75.0
  55   54   -75.0
  55   53   -75.0
  55   56   -75.0
  55   57   -75.0
  56   46   -75.0
  56   47   -75.0
  56   45   -75.0
  56   36   -75.0
  56   66   -75.0
  56   67   -75.0
  56   65   -75.0
  56   76   -75.0
  56   55   -75.0
  56   54   -75.0
  56   57   -75.0
  56   58   -75.0
  57   47   -75.0
  57   48   -75.0
  57   46   -75.0
  57   37   -75.0
  57   67   -75.0
  57   68   -75.0
  57   66   -75.0
  57   77   -75.0
  57   56   -75.0
  57   55   -75.0
  57   58   -75.0
  57   59   -75.0
  58   48   -75.0
  58   49   -75.0
  58   47   -75.0
  58   38   -75.0
  58   68   -75.0
  58   69   -75.0
  58   67   -75.0
  58   78   -75.0
  58   57   -75.0
  58   56   -75.0
  58   59   -75.0
  59   49   -75.0
  59   48   -75.0
  59   39   -75.0
  59   69   -75.0
  59   68   -75.0
  59   79   -75.0
  59   58   -75.0
  59   57   -75.0
  60   50   -75.0
  60   51   -75.0
  60   40   -75.0
  60   70   -75.0
  60   71   -75.0
  60   80   -75.0
  60   61   -75.0
  60   62   -75.0
  61   51   -75.0
  61   52   -75.0
  61   50   -75.0
  61   41   -75.0
  61   71   -75.0
  61   72   -75.0
  61   70   -75.0
  61   81   -75.0
  61   60   -77.0
  61   62   -77.0
  61   63   -77.0
  62   52   -77.0
  62   53   -77.0
  62   51   -77.0
  62   42   -77.0
  62   72   -77.0
  62   73   -77.0
  62   71   -77.0
  62   82   -77.0
  62   61   -77.0
  62   60   -77.0
  62   63   -77.0
  62   64   -77.0
  63   53   -77.0
  63   54   -77.0
  63   52   -77.0
  63   43   -77.0
  63   73   -77.0
  63   74   -77.0
  63   72   -77.0
  63   83   -77.0
  63   62   -77.0
  63   61   -77.0
  63   64   -77.0
  63   65   -77.0
  64   54   -77.0
  64   55   -77.0
  64   53   -77.0
  64   44   -77.0
  64   74   -77.0
  64   75   -77.0
  64   73   -77.0
  64   84   -77.0
  64   63   -77.0
  64   62   -77.0
  64   65   -77.0
  64   66   -77.0
  65   55   -77.0
  65   56   -77.0
  65   54   -77.0
  65   45   -77.0
  65   75   -77.0
  65   76   -77.0
  65   74   -77.0
  65   85   -77.0
  65   64   -77.0
  65   63   -77.0
  65   66   -77.0
  65   67   -77.0
  66   56   -77.0
  66   57   -77.0
  66   55   -77.0
  66   46   -77.0
  66   76   -77.0
  66   77   -77.0
  66   75   -77.0
  66   86   -77.0
  66   65   -77.0
  66   64   -77.0
  66   67   -77.0
  66   68   -77.0
  67   57   -77.0
  67   58   -77.0
  67   56   -77.0
  67   47   -77.0
  67   77   -77.0
  67   78   -77.0
  67   76   -77.0
  67   87   -77.0
  67   66   -77.0
  67   65   -77.0
  67   68   -77.0
  67   69   -77.0
  68   58   -77.0
  68   59   -77.0
  68   57   -77.0
  68   48   -77.0
  68   78   -77.0
  68   79   -77.0  
  68   77   -75.0
  68   88   -75.0
  68   67   -75.0
  68   66   -75.0
  68   69   -75.0
  69   59   -75.0
  69   58   -75.0
  69   49   -75.0
  69   79   -75.0
  69   78   -75.0
  69   89   -75.0
  69   68   -75.0
  69   67   -75.0
  70   60   -75.0
  70   61   -75.0
  70   50   -75.0
  70   80   -75.0
  70   81   -75.0
  70   90   -75.0
  70   71   -75.0
  70   72   -75.0
  71   61   -75.0
  71   62   -75.0
  71   60   -75.0
  71   51   -75.0
  71   81   -75.0
  71   82   -75.0
  71   80   -75.0
  71   91   -75.0
  71   70   -75.0
  71   72   -75.0
  71   73   -75.0
  72   62   -75.0
  72   63   -75.0
  72   61   -75.0
  72   52   -75.0
  72   82   -75.0
  72   83   -75.0
  72   81   -75.0
  72   92   -75.0
  72   71   -75.0
  72   70   -75.0
  72   73   -75.0
  72   74   -75.0
  73   63   -75.0
  73   64   -75.0
  73   62   -75.0
  73   53   -75.0
  73   83   -75.0
  73   84   -75.0
  73   82   -75.0
  73   93   -75.0
  73   72   -75.0
  73   71   -75.0
  73   74   -75.0
  73   75   -75.0
  74   64   -75.0
  74   65   -75.0
  74   63   -75.0
  74   54   -75.0
  74   84   -75.0
  74   85   -75.0
  74   83   -75.0
  74   94   -75.0
  74   73   -75.0
  74   72   -75.0
  74   75   -75.0
  74   76   -75.0
  75   65   -75.0
  75   66   -75.0
  75   64   -75.0
  75   55   -75.0
  75   85   -75.0
  75   86   -75.0
  75   84   -75.0
  75   95   -75.0
  75   74   -75.0
  75   73   -75.0
  75   76   -75.0
  75   77   -75.0
  76   66   -75.0
  76   67   -75.0
  76   65   -75.0
  76   56   -75.0
  76   86   -75.0
  76   87   -75.0
  76   85   -75.0
  76   96   -75.0
  76   75   -75.0
  76   74   -75.0
  76   77   -75.0
  76   78   -75.0
  77   67   -75.0
  77   68   -75.0
  77   66   -75.0
  77   57   -75.0
  77   87   -75.0
  77   88   -75.0
  77   86   -75.0
  77   97   -75.0
  77   76   -75.0
  77   75   -75.0
  77   78   -75.0
  77   79   -75.0
  78   68   -75.0
  78   69   -75.0
  78   67   -75.0
  78   58   -75.0
  78   88   -75.0
  78   89   -75.0
  78   87   -75.0
  78   98   -75.0
  78   77   -75.0
  78   76   -75.0
  78   79   -75.0
  79   69   -75.0
  79   68   -75.0
  79   59   -75.0
  79   89   -75.0
  79   88   -75.0
  79   99   -75.0
  79   78   -75.0
  79   77   -75.0
  80   70   -75.0
  80   71   -75.0
  80   60   -75.0
  80   90   -75.0
  80   91   -75.0
  80   81   -75.0
  80   82   -75.0
  81   71   -75.0
  81   72   -75.0
  81   70   -75.0
  81   61   -75.0
  81   91   -75.0
  81   92   -75.0
  81   90   -75.0
  81   80   -75.0
  81   82   -75.0
  81   83   -75.0
  82   72   -75.0
  82   73   -75.0
  82   71   -75.0
  82   62   -75.0
  82   92   -75.0
  82   93   -75.0
  82   91   -75.0
  82   81   -75.0
  82   80   -75.0
  82   83   -75.0
  82   84   -75.0
  83   73   -75.0
  83   74   -75.0
  83   72   -75.0
  83   63   -75.0
  83   93   -75.0
  83   94   -75.0
  83   92   -75.0
  83   82   -75.0
  83   81   -75.0
  83   84   -75.0
  83   85   -75.0
  84   74   -75.0
  84   75   -75.0
  84   73   -75.0
  84   64   -75.0
  84   94   -75.0
  84   95   -75.0
  84   93   -75.0
  84   83   -75.0
  84   82   -75.0
  84   85   -75.0
  84   86   -75.0
  85   75   -75.0
  85   76   -75.0
  85   74   -75.0
  85   65   -75.0
  85   95   -75.0
  85   96   -75.0
  85   94   -75.0
  85   84   -75.0
  85   83   -75.0
  85   86   -75.0
  85   87   -75.0
  86   76   -75.0
  86   77   -75.0
  86   75   -75.0
  86   66   -75.0
  86   96   -75.0
  86   97   -75.0
  86   95   -75.0
  86   85   -75.0
  86   84   -75.0
  86   87   -75.0
  86   88   -75.0
  87   77   -75.0
  87   78   -75.0
  87   76   -75.0
  87   67   -75.0
  87   97   -75.0
  87   98   -75.0
  87   96   -75.0
  87   86   -75.0
  87   85   -75.0
  87   88   -75.0
  87   89   -75.0
  88   78   -75.0
  88   79   -75.0
  88   77   -75.0
  88   68   -75.0
  88   98   -79.0
  88   99   -79.0
  88   97   -79.0
  88   87   -79.0
  88   86   -79.0
  88   89   -79.0
  89   79   -79.0
  89   78   -79.0
  89   69   -79.0
  89   99   -79.0
  89   98   -79.0
  89   88   -79.00
  89   87   -79.0
  90   80   -79.0
  90   81   -79.0
  90   70   -79.0
  90   91   -79.0
  90   92   -79.0
  91   81   -79.0
  91   82   -79.0
  91   80   -79.0
  91   71   -79.0
  91   90   -79.0
  91   92   -79.0
  91   93   -79.0
  92   82   -79.0
  92   83   -79.0
  92   81   -79.0
  92   72   -79.0
  92   91   -79.0
  92   90   0.0
  92   93   0.0
  92   94   0.0
  93   83   0.0
  93   84   0.0
  93   82   0.0
  93   73   0.0
  93   92   0.0
  93   91   0.0
  93   94   0.0
  93   95   0.0
  94   84   0.0
  94   85   0.0
  94   83   0.0
  94   74   0.0
  94   93   0.0
  94   92   0.0
  94   95   0.0
  94   96   0.0
  95   85   0.0
  95   86   0.0
  95   84   0.0
  95   75   0.0
  95   94   0.0
  95   93   0.0
  95   96   0.0
  95   97   0.0
  96   86   0.0
  96   87   0.0
  96   85   0.0
  96   76   0.0
  96   95   -75.0
  96   94   -75.0
  96   97   -75.0
  96   98   -75.0
  97   87   -75.0
  97   88   -75.0
  97   86   -75.0
  97   77   -75.0
  97   96   -75.0
  97   95   -75.0
  97   98   -75.0
  97   99   -75.0
  98   88   -75.0
  98   89   -75.0
  98   87   -75.0
  98   78   -75.0
  98   97   -75.0
  98   96   -75.0
  98   99   -75.0
  99   89   -75.0
  99   88   -75.0
  99   79   -75.0
  99   98   -75.0
  99   97   -75.0